STATE,COUNTY,CD109
01,001,02
01,003,01
01,005,02
01,007,06
01,009,04
01,011,02
01,013,02
01,015,03
01,017,03
01,019,03
01,021,06
01,023,07
01,025,01
01,025,07
01,027,03
01,029,03
01,031,02
01,033,05
01,035,02
01,037,03
01,037,06
01,039,02
01,041,02
01,043,04
01,045,02
01,047,07
01,049,04
01,051,02
01,053,01
01,055,04
01,057,04
01,059,04
01,061,02
01,063,07
01,065,07
01,067,02
01,069,02
01,071,05
01,073,06
01,073,07
01,075,04
01,077,05
01,079,05
01,081,03
01,083,05
01,085,02
01,087,03
01,089,05
01,091,07
01,093,04
01,095,04
01,097,01
01,099,01
01,101,02
01,101,03
01,103,04
01,103,05
01,105,07
01,107,04
01,107,07
01,109,02
01,111,03
01,113,03
01,115,04
01,115,06
01,117,06
01,119,07
01,121,03
01,123,03
01,125,06
01,125,07
01,127,04
01,129,01
01,131,07
01,133,04
02,013,00
02,016,00
02,020,00
02,050,00
02,060,00
02,068,00
02,070,00
02,090,00
02,100,00
02,110,00
02,122,00
02,130,00
02,150,00
02,164,00
02,170,00
02,180,00
02,185,00
02,188,00
02,201,00
02,220,00
02,232,00
02,240,00
02,261,00
02,270,00
02,280,00
02,282,00
02,290,00
04,001,01
04,003,08
04,005,01
04,005,02
04,007,01
04,009,01
04,011,01
04,012,02
04,012,07
04,013,02
04,013,03
04,013,04
04,013,05
04,013,06
04,013,07
04,015,02
04,017,01
04,017,02
04,019,07
04,019,08
04,021,01
04,021,06
04,021,07
04,021,08
04,023,07
04,023,08
04,025,01
04,025,02
04,027,07
05,001,01
05,003,04
05,005,01
05,007,03
05,009,03
05,011,04
05,013,04
05,015,03
05,017,04
05,019,04
05,021,01
05,023,01
05,025,04
05,027,04
05,029,02
05,031,01
05,033,03
05,035,01
05,037,01
05,039,04
05,041,04
05,043,04
05,045,02
05,047,03
05,049,01
05,051,04
05,053,04
05,055,01
05,057,04
05,059,04
05,061,04
05,063,01
05,065,01
05,067,01
05,069,04
05,071,03
05,073,04
05,075,01
05,077,01
05,079,04
05,081,04
05,083,04
05,085,01
05,087,03
05,089,03
05,091,04
05,093,01
05,095,01
05,097,04
05,099,04
05,101,03
05,103,04
05,105,02
05,107,01
05,109,04
05,111,01
05,113,04
05,115,03
05,117,01
05,119,02
05,121,01
05,123,01
05,125,02
05,127,04
05,129,01
05,131,03
05,133,04
05,135,01
05,137,01
05,139,04
05,141,02
05,143,03
05,145,02
05,147,01
05,149,02
06,001,09
06,001,10
06,001,11
06,001,13
06,003,03
06,005,03
06,007,02
06,007,04
06,009,03
06,011,02
06,013,07
06,013,10
06,013,11
06,015,01
06,017,04
06,019,18
06,019,19
06,019,20
06,019,21
06,021,02
06,023,01
06,025,51
06,027,25
06,029,20
06,029,22
06,031,20
06,033,01
06,035,04
06,037,22
06,037,25
06,037,26
06,037,27
06,037,28
06,037,29
06,037,30
06,037,31
06,037,32
06,037,33
06,037,34
06,037,35
06,037,36
06,037,37
06,037,38
06,037,39
06,037,42
06,037,46
06,039,18
06,039,19
06,041,06
06,043,19
06,045,01
06,047,18
06,049,04
06,051,25
06,053,17
06,055,01
06,057,04
06,059,40
06,059,42
06,059,44
06,059,46
06,059,47
06,059,48
06,061,04
06,063,04
06,065,41
06,065,44
06,065,45
06,065,49
06,067,03
06,067,04
06,067,05
06,067,10
06,069,17
06,071,25
06,071,26
06,071,41
06,071,42
06,071,43
06,073,49
06,073,50
06,073,51
06,073,52
06,073,53
06,075,08
06,075,12
06,077,11
06,077,18
06,079,22
06,079,23
06,081,12
06,081,14
06,083,23
06,083,24
06,085,11
06,085,14
06,085,15
06,085,16
06,087,14
06,087,17
06,089,02
06,091,04
06,093,02
06,095,03
06,095,07
06,095,10
06,097,01
06,097,06
06,099,18
06,099,19
06,101,02
06,103,02
06,105,02
06,107,21
06,109,19
06,111,23
06,111,24
06,113,01
06,113,02
06,115,02
08,001,01
08,001,02
08,001,07
08,003,03
08,005,01
08,005,06
08,005,07
08,007,03
08,009,04
08,011,04
08,013,02
08,013,04
08,015,05
08,017,04
08,019,02
08,021,03
08,023,03
08,025,04
08,027,03
08,029,03
08,031,01
08,033,03
08,035,06
08,037,02
08,039,06
08,041,05
08,043,05
08,045,03
08,047,02
08,049,02
08,051,03
08,053,03
08,055,03
08,057,03
08,059,01
08,059,02
08,059,06
08,059,07
08,061,04
08,063,04
08,065,05
08,067,03
08,069,04
08,071,03
08,073,04
08,075,04
08,077,03
08,079,03
08,081,03
08,083,03
08,085,03
08,087,04
08,089,03
08,089,04
08,091,03
08,093,05
08,093,06
08,095,04
08,097,03
08,099,04
08,101,03
08,103,03
08,105,03
08,107,03
08,109,03
08,111,03
08,113,03
08,115,04
08,117,02
08,119,05
08,121,04
08,123,02
08,123,04
08,125,04
09,001,03
09,001,04
09,001,05
09,003,01
09,003,02
09,003,05
09,005,01
09,005,05
09,007,01
09,007,02
09,007,03
09,009,02
09,009,03
09,009,04
09,009,05
09,011,02
09,013,02
09,015,02
10,001,00
10,003,00
10,005,00
11,001,98
12,001,03
12,001,06
12,003,04
12,005,02
12,007,06
12,009,15
12,009,24
12,011,17
12,011,19
12,011,20
12,011,21
12,011,22
12,011,23
12,013,02
12,015,13
12,015,14
12,015,16
12,017,05
12,019,03
12,019,06
12,021,14
12,021,25
12,023,04
12,027,13
12,029,02
12,031,03
12,031,04
12,031,06
12,033,01
12,035,07
12,037,02
12,039,02
12,041,06
12,043,16
12,045,02
12,047,04
12,049,13
12,051,16
12,051,23
12,053,05
12,055,16
12,057,09
12,057,11
12,057,12
12,059,01
12,061,15
12,063,02
12,065,02
12,065,04
12,067,02
12,069,03
12,069,05
12,069,06
12,069,08
12,071,14
12,073,02
12,073,04
12,075,05
12,075,06
12,077,02
12,079,04
12,081,11
12,081,13
12,083,03
12,083,05
12,083,06
12,083,08
12,085,16
12,085,23
12,086,17
12,086,18
12,086,20
12,086,21
12,086,25
12,087,18
12,087,25
12,089,04
12,091,01
12,091,02
12,093,16
12,095,03
12,095,07
12,095,08
12,095,24
12,097,08
12,097,12
12,097,15
12,099,16
12,099,19
12,099,22
12,099,23
12,101,05
12,101,09
12,103,09
12,103,10
12,103,11
12,105,05
12,105,12
12,105,15
12,107,03
12,107,07
12,109,07
12,111,16
12,111,23
12,113,01
12,115,13
12,117,03
12,117,07
12,117,24
12,119,05
12,121,02
12,123,02
12,125,04
12,127,03
12,127,07
12,127,24
12,129,02
12,131,01
12,131,02
12,133,01
13,001,01
13,003,01
13,005,01
13,007,02
13,009,03
13,011,09
13,013,09
13,015,07
13,015,11
13,017,01
13,019,01
13,021,03
13,021,08
13,023,03
13,025,01
13,027,02
13,029,01
13,029,12
13,031,12
13,033,12
13,035,08
13,035,13
13,037,02
13,039,01
13,043,03
13,045,08
13,045,11
13,047,10
13,049,01
13,051,01
13,051,12
13,053,02
13,055,11
13,057,06
13,057,07
13,059,12
13,061,02
13,063,05
13,063,13
13,065,01
13,067,05
13,067,06
13,067,11
13,069,01
13,071,01
13,071,02
13,073,09
13,075,01
13,077,08
13,077,11
13,079,03
13,081,02
13,083,10
13,085,10
13,087,02
13,089,04
13,089,05
13,089,13
13,091,03
13,093,03
13,095,02
13,097,08
13,097,11
13,099,02
13,101,01
13,103,12
13,105,09
13,107,03
13,109,03
13,111,10
13,113,08
13,113,13
13,115,11
13,117,07
13,117,10
13,119,09
13,121,05
13,121,06
13,121,13
13,123,10
13,125,12
13,127,01
13,129,10
13,131,02
13,133,09
13,135,04
13,135,07
13,135,10
13,135,13
13,137,09
13,139,10
13,141,03
13,143,11
13,145,08
13,145,11
13,147,09
13,149,11
13,151,08
13,151,13
13,153,01
13,153,03
13,155,01
13,157,09
13,159,08
13,161,01
13,163,12
13,165,12
13,167,03
13,169,03
13,169,08
13,171,08
13,173,01
13,175,03
13,177,02
13,179,01
13,181,09
13,183,01
13,185,01
13,185,02
13,187,09
13,189,09
13,191,01
13,193,03
13,195,09
13,197,03
13,199,11
13,201,02
13,205,02
13,207,03
13,209,03
13,211,09
13,213,10
13,215,02
13,215,08
13,215,11
13,217,08
13,217,09
13,217,13
13,219,09
13,221,09
13,221,12
13,223,07
13,223,11
13,225,03
13,227,10
13,229,01
13,231,08
13,233,11
13,235,01
13,235,03
13,237,09
13,239,02
13,241,09
13,243,02
13,245,09
13,245,12
13,247,08
13,247,10
13,247,13
13,249,03
13,251,12
13,253,02
13,255,08
13,255,13
13,257,09
13,259,02
13,261,02
13,263,11
13,265,12
13,267,03
13,269,03
13,271,03
13,273,02
13,275,02
13,277,02
13,279,03
13,281,09
13,283,03
13,285,08
13,285,11
13,287,02
13,289,03
13,291,09
13,293,08
13,293,11
13,295,10
13,297,09
13,297,10
13,297,13
13,299,01
13,301,12
13,303,03
13,305,01
13,307,02
13,309,03
13,311,09
13,313,10
13,315,01
13,315,03
13,317,09
13,319,03
13,321,02
15,001,02
15,003,01
15,003,02
15,005,02
15,007,02
15,009,02
16,001,01
16,001,02
16,003,01
16,005,02
16,007,02
16,009,01
16,011,02
16,013,02
16,015,01
16,017,01
16,019,02
16,021,01
16,023,02
16,025,02
16,027,01
16,029,02
16,031,02
16,033,02
16,035,01
16,037,02
16,039,02
16,041,02
16,043,02
16,045,01
16,047,02
16,049,01
16,051,02
16,053,02
16,055,01
16,057,01
16,059,02
16,061,01
16,063,02
16,065,02
16,067,02
16,069,01
16,071,02
16,073,01
16,075,01
16,077,02
16,079,01
16,081,02
16,083,02
16,085,01
16,087,01
17,001,17
17,001,18
17,003,12
17,005,19
17,007,16
17,009,18
17,011,11
17,011,14
17,011,18
17,013,17
17,015,16
17,017,18
17,019,15
17,021,17
17,021,19
17,023,15
17,025,19
17,027,19
17,029,15
17,031,01
17,031,02
17,031,03
17,031,04
17,031,05
17,031,06
17,031,07
17,031,08
17,031,09
17,031,10
17,031,13
17,033,15
17,035,15
17,037,14
17,037,16
17,039,15
17,041,15
17,043,06
17,043,13
17,043,14
17,045,15
17,047,15
17,047,19
17,049,19
17,051,17
17,051,19
17,053,15
17,055,12
17,057,17
17,059,15
17,059,19
17,061,17
17,061,19
17,063,11
17,065,19
17,067,17
17,069,19
17,071,17
17,073,14
17,073,17
17,075,15
17,077,12
17,079,19
17,081,19
17,083,17
17,083,19
17,085,16
17,087,19
17,089,14
17,091,11
17,093,14
17,095,17
17,095,18
17,097,08
17,097,10
17,099,11
17,101,15
17,101,19
17,103,14
17,105,11
17,105,15
17,107,18
17,109,17
17,111,08
17,111,16
17,113,11
17,113,15
17,115,15
17,115,17
17,115,18
17,117,17
17,119,12
17,119,17
17,119,19
17,121,19
17,123,18
17,125,18
17,127,19
17,129,18
17,131,17
17,133,12
17,135,17
17,135,19
17,137,18
17,139,15
17,141,16
17,143,18
17,145,12
17,147,15
17,149,17
17,149,18
17,151,19
17,153,12
17,155,18
17,157,12
17,159,19
17,161,17
17,163,12
17,165,15
17,165,19
17,167,17
17,167,18
17,167,19
17,169,18
17,171,18
17,173,17
17,173,19
17,175,18
17,177,16
17,179,18
17,181,12
17,183,15
17,185,15
17,185,19
17,187,17
17,189,19
17,191,19
17,193,15
17,193,19
17,195,14
17,195,16
17,195,17
17,197,02
17,197,11
17,197,13
17,199,12
17,199,19
17,201,16
17,203,11
17,203,18
18,001,06
18,003,03
18,003,06
18,005,06
18,005,09
18,007,01
18,009,06
18,011,04
18,013,09
18,015,02
18,017,02
18,019,09
18,021,08
18,023,04
18,025,09
18,027,08
18,029,06
18,029,09
18,031,06
18,033,03
18,035,06
18,037,09
18,039,02
18,039,03
18,041,06
18,043,09
18,045,04
18,045,08
18,047,06
18,049,02
18,051,08
18,053,05
18,055,08
18,057,05
18,059,05
18,061,09
18,063,04
18,065,06
18,067,02
18,067,05
18,069,05
18,071,09
18,073,01
18,075,06
18,077,09
18,079,09
18,081,04
18,081,05
18,081,06
18,083,08
18,085,03
18,087,03
18,089,01
18,091,02
18,093,04
18,095,06
18,097,04
18,097,05
18,097,07
18,099,02
18,101,08
18,103,05
18,105,04
18,105,09
18,107,04
18,109,04
18,111,01
18,113,03
18,115,09
18,117,09
18,119,08
18,121,08
18,123,09
18,125,08
18,127,01
18,127,02
18,129,08
18,131,02
18,133,08
18,135,06
18,137,09
18,139,06
18,141,02
18,143,09
18,145,05
18,145,06
18,147,09
18,149,02
18,151,03
18,153,08
18,155,09
18,157,04
18,159,05
18,161,06
18,163,08
18,165,08
18,167,08
18,169,05
18,171,08
18,173,08
18,175,09
18,177,06
18,179,06
18,181,02
18,181,04
18,183,03
19,001,05
19,003,05
19,005,04
19,007,02
19,009,05
19,011,03
19,013,01
19,015,04
19,017,01
19,019,01
19,021,05
19,023,01
19,025,04
19,027,05
19,029,05
19,031,02
19,033,04
19,035,05
19,037,04
19,039,05
19,041,05
19,043,01
19,045,01
19,047,05
19,049,04
19,051,02
19,053,05
19,055,01
19,057,02
19,059,05
19,061,01
19,063,04
19,065,01
19,067,04
19,069,04
19,071,05
19,073,04
19,075,03
19,077,05
19,079,04
19,081,04
19,083,04
19,085,05
19,087,02
19,089,04
19,091,04
19,093,05
19,095,03
19,097,01
19,099,03
19,101,02
19,103,02
19,105,01
19,107,03
19,109,04
19,111,02
19,113,02
19,115,02
19,117,03
19,119,05
19,121,04
19,123,03
19,125,03
19,127,04
19,129,05
19,131,04
19,133,05
19,135,03
19,137,05
19,139,02
19,141,05
19,143,05
19,145,05
19,147,04
19,149,05
19,151,04
19,153,03
19,155,05
19,157,03
19,159,05
19,161,05
19,163,01
19,165,05
19,167,05
19,169,04
19,171,03
19,173,05
19,175,05
19,177,02
19,179,02
19,181,04
19,183,02
19,185,02
19,187,04
19,189,04
19,191,04
19,193,05
19,195,04
19,197,04
20,001,02
20,003,02
20,005,02
20,007,01
20,009,01
20,011,02
20,013,02
20,015,04
20,017,01
20,019,04
20,021,02
20,023,01
20,025,01
20,027,01
20,029,01
20,031,02
20,033,01
20,035,04
20,037,02
20,039,01
20,041,01
20,043,02
20,045,02
20,045,03
20,047,01
20,049,04
20,051,01
20,053,01
20,055,01
20,057,01
20,059,02
20,061,01
20,061,02
20,063,01
20,065,01
20,067,01
20,069,01
20,071,01
20,073,01
20,073,04
20,075,01
20,077,04
20,079,04
20,081,01
20,083,01
20,085,02
20,087,02
20,089,01
20,091,03
20,093,01
20,095,04
20,097,01
20,099,02
20,101,01
20,103,02
20,105,01
20,107,02
20,109,01
20,111,01
20,113,01
20,115,01
20,117,01
20,119,01
20,121,02
20,123,01
20,125,04
20,127,01
20,129,01
20,131,01
20,131,02
20,133,02
20,135,01
20,137,01
20,139,02
20,141,01
20,143,01
20,145,01
20,147,01
20,149,02
20,151,01
20,153,01
20,155,01
20,157,01
20,159,01
20,161,02
20,163,01
20,165,01
20,167,01
20,169,01
20,171,01
20,173,04
20,175,01
20,177,02
20,179,01
20,181,01
20,183,01
20,185,01
20,187,01
20,189,01
20,191,04
20,193,01
20,195,01
20,197,01
20,199,01
20,201,01
20,203,01
20,205,02
20,207,02
20,209,03
21,001,01
21,003,01
21,005,06
21,007,01
21,009,02
21,011,04
21,011,05
21,013,05
21,015,04
21,017,06
21,019,04
21,021,06
21,023,04
21,025,05
21,027,02
21,029,02
21,031,01
21,033,01
21,035,01
21,037,04
21,039,01
21,041,04
21,043,04
21,045,01
21,047,01
21,049,06
21,051,05
21,053,01
21,055,01
21,057,01
21,059,02
21,061,02
21,063,04
21,065,06
21,067,06
21,069,04
21,071,05
21,073,06
21,075,01
21,077,04
21,079,06
21,081,04
21,083,01
21,085,02
21,087,02
21,089,04
21,091,02
21,093,02
21,095,05
21,097,04
21,099,02
21,101,01
21,103,04
21,105,01
21,107,01
21,109,05
21,111,02
21,111,03
21,113,06
21,115,05
21,117,04
21,119,05
21,121,05
21,123,02
21,125,05
21,127,05
21,129,05
21,131,05
21,133,05
21,135,04
21,137,01
21,137,06
21,139,01
21,141,01
21,143,01
21,145,01
21,147,05
21,149,01
21,151,06
21,153,05
21,155,02
21,157,01
21,159,05
21,161,04
21,163,02
21,165,05
21,167,06
21,169,01
21,171,01
21,173,06
21,175,05
21,177,01
21,179,02
21,181,04
21,183,01
21,183,02
21,185,04
21,187,04
21,189,05
21,191,04
21,193,05
21,195,05
21,197,06
21,199,05
21,201,04
21,203,05
21,205,05
21,207,01
21,209,04
21,209,06
21,211,02
21,213,01
21,215,02
21,217,02
21,219,01
21,221,01
21,223,04
21,225,01
21,227,02
21,229,02
21,231,05
21,233,01
21,235,05
21,237,05
21,239,06
22,001,07
22,003,04
22,003,05
22,005,03
22,005,06
22,007,03
22,009,05
22,011,04
22,013,04
22,015,04
22,017,04
22,019,07
22,021,05
22,023,07
22,025,05
22,027,04
22,029,05
22,031,04
22,033,06
22,035,05
22,037,06
22,039,05
22,039,07
22,041,05
22,043,04
22,045,03
22,047,05
22,047,06
22,049,05
22,051,01
22,051,02
22,051,03
22,053,07
22,055,07
22,057,03
22,059,05
22,061,05
22,063,06
22,065,05
22,067,05
22,069,04
22,071,01
22,071,02
22,073,05
22,075,03
22,077,05
22,077,06
22,079,05
22,081,04
22,083,05
22,085,04
22,087,03
22,089,01
22,089,03
22,091,06
22,093,03
22,095,03
22,097,07
22,099,03
22,101,03
22,103,01
22,105,01
22,107,05
22,109,03
22,111,05
22,113,07
22,115,04
22,117,01
22,119,04
22,121,06
22,123,05
22,125,06
22,127,05
23,001,02
23,003,02
23,005,01
23,007,02
23,009,02
23,011,01
23,011,02
23,013,01
23,015,01
23,017,02
23,019,02
23,021,02
23,023,01
23,025,02
23,027,02
23,029,02
23,031,01
24,001,06
24,003,01
24,003,02
24,003,03
24,003,05
24,005,01
24,005,02
24,005,03
24,005,06
24,005,07
24,009,05
24,011,01
24,013,06
24,015,01
24,017,05
24,019,01
24,021,06
24,023,06
24,025,01
24,025,02
24,025,06
24,027,03
24,027,07
24,029,01
24,031,04
24,031,06
24,031,08
24,033,04
24,033,05
24,033,08
24,035,01
24,037,05
24,039,01
24,041,01
24,043,06
24,045,01
24,047,01
24,510,02
24,510,03
24,510,07
25,001,10
25,003,01
25,005,03
25,005,04
25,005,09
25,005,10
25,007,10
25,009,05
25,009,06
25,011,01
25,013,01
25,013,02
25,015,01
25,015,02
25,017,01
25,017,03
25,017,04
25,017,05
25,017,06
25,017,07
25,017,08
25,019,10
25,021,02
25,021,03
25,021,04
25,021,09
25,021,10
25,023,04
25,023,09
25,023,10
25,025,07
25,025,08
25,025,09
25,027,01
25,027,02
25,027,03
25,027,05
26,001,01
26,003,01
26,005,02
26,005,06
26,007,01
26,009,01
26,011,01
26,013,01
26,015,03
26,017,01
26,017,05
26,019,02
26,021,06
26,023,07
26,025,06
26,025,07
26,027,06
26,029,01
26,031,01
26,033,01
26,035,04
26,037,08
26,039,01
26,041,01
26,043,01
26,045,07
26,047,01
26,049,05
26,051,01
26,053,01
26,055,04
26,057,04
26,059,07
26,061,01
26,063,10
26,065,08
26,067,03
26,069,01
26,071,01
26,073,04
26,075,07
26,077,06
26,079,04
26,081,02
26,081,03
26,083,01
26,085,02
26,087,10
26,089,04
26,091,07
26,093,08
26,095,01
26,097,01
26,099,10
26,099,12
26,101,02
26,103,01
26,105,02
26,107,04
26,109,01
26,111,04
26,113,04
26,115,15
26,117,04
26,119,01
26,121,02
26,123,02
26,125,08
26,125,09
26,125,11
26,125,12
26,127,02
26,129,01
26,131,01
26,133,04
26,135,01
26,137,01
26,139,02
26,141,01
26,143,04
26,145,04
26,145,05
26,147,10
26,149,06
26,151,10
26,153,01
26,155,04
26,155,08
26,157,05
26,159,06
26,161,07
26,161,15
26,163,11
26,163,13
26,163,14
26,163,15
26,165,02
27,001,08
27,003,03
27,003,05
27,003,06
27,005,07
27,007,07
27,007,08
27,009,06
27,011,07
27,013,01
27,015,01
27,017,08
27,019,02
27,021,08
27,023,07
27,025,08
27,027,07
27,029,07
27,031,08
27,033,01
27,035,08
27,037,02
27,037,04
27,039,01
27,041,07
27,043,01
27,045,01
27,047,01
27,049,02
27,051,07
27,053,02
27,053,03
27,053,05
27,053,06
27,055,01
27,057,08
27,059,08
27,061,08
27,063,01
27,065,08
27,067,07
27,069,07
27,071,08
27,073,07
27,075,08
27,077,07
27,079,01
27,079,02
27,081,07
27,083,07
27,085,07
27,087,07
27,089,07
27,091,01
27,093,07
27,095,08
27,097,08
27,099,01
27,101,01
27,103,01
27,105,01
27,107,07
27,109,01
27,111,07
27,113,07
27,115,08
27,117,01
27,119,07
27,121,07
27,123,04
27,123,05
27,123,06
27,125,07
27,127,07
27,129,07
27,131,02
27,133,01
27,135,07
27,137,08
27,139,02
27,141,06
27,143,07
27,145,06
27,145,07
27,147,01
27,149,07
27,151,07
27,153,07
27,155,07
27,157,01
27,159,08
27,161,01
27,163,02
27,163,04
27,163,06
27,165,01
27,167,07
27,169,01
27,171,06
27,173,07
28,001,03
28,003,01
28,005,03
28,007,02
28,009,01
28,011,02
28,013,01
28,015,02
28,017,01
28,019,01
28,021,02
28,023,04
28,025,01
28,027,02
28,029,02
28,031,03
28,033,01
28,035,04
28,037,03
28,039,04
28,041,04
28,043,01
28,045,04
28,047,04
28,049,02
28,049,03
28,051,02
28,053,02
28,055,02
28,057,01
28,059,04
28,061,03
28,061,04
28,063,02
28,065,03
28,067,03
28,067,04
28,069,03
28,071,01
28,073,04
28,075,03
28,077,03
28,079,02
28,079,03
28,081,01
28,083,02
28,085,03
28,087,01
28,089,02
28,089,03
28,091,03
28,091,04
28,093,01
28,095,01
28,097,02
28,099,03
28,101,03
28,103,03
28,105,03
28,107,01
28,109,04
28,111,04
28,113,03
28,115,01
28,117,01
28,119,02
28,121,03
28,123,03
28,125,02
28,127,03
28,129,03
28,131,04
28,133,02
28,135,02
28,137,01
28,139,01
28,141,01
28,143,02
28,145,01
28,147,03
28,149,02
28,151,02
28,153,04
28,155,01
28,155,03
28,157,03
28,159,01
28,159,03
28,161,01
28,163,02
29,001,09
29,003,06
29,005,06
29,007,09
29,009,07
29,011,04
29,013,04
29,015,04
29,017,08
29,019,09
29,021,06
29,023,08
29,025,06
29,027,09
29,029,04
29,029,09
29,031,08
29,033,06
29,035,08
29,037,04
29,037,05
29,039,04
29,041,06
29,043,07
29,045,09
29,047,06
29,049,06
29,051,04
29,053,06
29,055,09
29,057,04
29,059,04
29,061,06
29,063,06
29,065,08
29,067,08
29,069,08
29,071,09
29,073,09
29,075,06
29,077,07
29,079,06
29,081,06
29,083,04
29,085,04
29,087,06
29,089,06
29,091,08
29,093,08
29,095,04
29,095,05
29,095,06
29,097,07
29,099,03
29,101,04
29,103,09
29,105,04
29,107,04
29,109,07
29,111,09
29,113,02
29,115,06
29,117,06
29,119,07
29,121,09
29,123,08
29,125,09
29,127,09
29,129,06
29,131,09
29,133,08
29,135,04
29,137,09
29,139,09
29,141,04
29,143,08
29,145,07
29,147,06
29,149,08
29,151,09
29,153,08
29,155,08
29,157,08
29,159,04
29,161,08
29,163,09
29,165,06
29,167,04
29,167,07
29,169,04
29,171,06
29,173,09
29,175,09
29,177,04
29,179,08
29,181,08
29,183,02
29,183,09
29,185,04
29,186,03
29,187,08
29,189,01
29,189,02
29,189,03
29,195,04
29,197,06
29,199,09
29,201,08
29,203,08
29,205,09
29,207,08
29,209,07
29,211,06
29,213,07
29,213,08
29,215,08
29,217,04
29,219,09
29,221,08
29,223,08
29,225,04
29,227,06
29,229,08
29,510,01
29,510,03
30,001,00
30,003,00
30,005,00
30,007,00
30,009,00
30,011,00
30,013,00
30,015,00
30,017,00
30,019,00
30,021,00
30,023,00
30,025,00
30,027,00
30,029,00
30,031,00
30,033,00
30,035,00
30,037,00
30,039,00
30,041,00
30,043,00
30,045,00
30,047,00
30,049,00
30,051,00
30,053,00
30,055,00
30,057,00
30,059,00
30,061,00
30,063,00
30,065,00
30,067,00
30,069,00
30,071,00
30,073,00
30,075,00
30,077,00
30,079,00
30,081,00
30,083,00
30,085,00
30,087,00
30,089,00
30,091,00
30,093,00
30,095,00
30,097,00
30,099,00
30,101,00
30,103,00
30,105,00
30,107,00
30,109,00
30,111,00
31,001,03
31,003,03
31,005,03
31,007,03
31,009,03
31,011,03
31,013,03
31,015,03
31,017,03
31,019,03
31,021,01
31,023,01
31,025,01
31,027,01
31,027,03
31,029,03
31,031,03
31,033,03
31,035,03
31,037,01
31,039,01
31,041,03
31,043,01
31,045,03
31,047,03
31,049,03
31,051,01
31,053,01
31,055,02
31,057,03
31,059,03
31,061,03
31,063,03
31,065,03
31,067,01
31,069,03
31,071,03
31,073,03
31,075,03
31,077,03
31,079,03
31,081,03
31,083,03
31,085,03
31,087,03
31,089,03
31,091,03
31,093,03
31,095,03
31,097,01
31,099,03
31,101,03
31,103,03
31,105,03
31,107,03
31,109,01
31,111,03
31,113,03
31,115,03
31,117,03
31,119,01
31,121,03
31,123,03
31,125,03
31,127,01
31,129,03
31,131,01
31,133,01
31,135,03
31,137,03
31,139,03
31,141,03
31,143,03
31,145,03
31,147,01
31,149,03
31,151,03
31,153,01
31,153,02
31,155,01
31,157,03
31,159,01
31,161,03
31,163,03
31,165,03
31,167,01
31,169,03
31,171,03
31,173,01
31,175,03
31,177,01
31,179,01
31,181,03
31,183,03
31,185,03
32,001,02
32,003,01
32,003,02
32,003,03
32,005,02
32,007,02
32,009,02
32,011,02
32,013,02
32,015,02
32,017,02
32,019,02
32,021,02
32,023,02
32,027,02
32,029,02
32,031,02
32,033,02
32,510,02
33,001,01
33,001,02
33,003,01
33,003,02
33,005,02
33,007,02
33,009,02
33,011,01
33,011,02
33,013,01
33,013,02
33,015,01
33,015,02
33,017,01
33,019,02
34,001,02
34,003,05
34,003,09
34,005,01
34,005,02
34,005,03
34,005,04
34,007,01
34,007,02
34,007,03
34,009,02
34,011,02
34,013,08
34,013,10
34,013,11
34,013,13
34,015,01
34,015,02
34,017,09
34,017,10
34,017,13
34,019,07
34,019,12
34,021,04
34,021,12
34,023,06
34,023,07
34,023,12
34,023,13
34,025,04
34,025,06
34,025,12
34,027,11
34,029,03
34,029,04
34,031,05
34,031,08
34,031,09
34,031,11
34,033,02
34,035,06
34,035,07
34,035,11
34,035,12
34,037,05
34,037,11
34,039,06
34,039,07
34,039,10
34,039,13
34,041,05
35,001,01
35,001,02
35,001,03
35,003,02
35,005,02
35,006,02
35,007,03
35,009,03
35,011,02
35,013,02
35,015,02
35,017,02
35,019,02
35,021,03
35,023,02
35,025,02
35,027,02
35,028,03
35,029,02
35,031,02
35,031,03
35,033,03
35,035,02
35,037,03
35,039,03
35,041,03
35,043,01
35,043,03
35,045,03
35,047,03
35,049,01
35,049,03
35,051,02
35,053,02
35,055,03
35,057,01
35,059,03
35,061,01
35,061,02
36,001,21
36,003,29
36,005,07
36,005,15
36,005,16
36,005,17
36,007,22
36,007,24
36,009,29
36,011,24
36,011,25
36,013,27
36,015,29
36,017,24
36,019,23
36,021,20
36,023,24
36,025,20
36,025,22
36,027,19
36,027,20
36,027,22
36,029,26
36,029,27
36,029,28
36,031,20
36,031,23
36,033,23
36,035,21
36,035,23
36,037,26
36,039,20
36,041,23
36,043,24
36,045,23
36,047,08
36,047,09
36,047,10
36,047,11
36,047,12
36,047,13
36,049,23
36,051,26
36,053,23
36,055,25
36,055,26
36,055,28
36,055,29
36,057,21
36,059,02
36,059,03
36,059,04
36,059,05
36,061,08
36,061,12
36,061,14
36,061,15
36,063,26
36,063,28
36,065,23
36,065,24
36,067,25
36,069,24
36,069,29
36,071,19
36,071,22
36,073,26
36,073,28
36,075,23
36,077,20
36,077,24
36,079,19
36,081,05
36,081,06
36,081,07
36,081,09
36,081,12
36,081,14
36,081,15
36,083,20
36,083,21
36,085,13
36,087,17
36,087,18
36,087,19
36,089,23
36,091,20
36,091,21
36,093,21
36,095,21
36,097,29
36,099,24
36,101,29
36,103,01
36,103,02
36,103,03
36,105,22
36,107,22
36,107,24
36,109,22
36,109,24
36,111,22
36,113,20
36,115,20
36,117,25
36,119,17
36,119,18
36,119,19
36,121,26
36,123,29
37,001,06
37,001,13
37,003,05
37,005,05
37,007,08
37,009,05
37,011,10
37,013,01
37,013,03
37,015,01
37,017,07
37,019,07
37,021,11
37,023,10
37,025,08
37,025,12
37,027,10
37,029,03
37,031,03
37,033,13
37,035,10
37,037,02
37,037,04
37,039,11
37,041,01
37,043,11
37,045,10
37,047,07
37,049,01
37,049,03
37,051,02
37,051,07
37,051,08
37,053,03
37,055,03
37,057,06
37,057,12
37,059,05
37,061,03
37,061,07
37,063,04
37,065,01
37,067,05
37,067,12
37,069,02
37,071,09
37,071,10
37,073,01
37,075,11
37,077,01
37,077,13
37,079,01
37,081,06
37,081,12
37,081,13
37,083,01
37,085,02
37,087,11
37,089,11
37,091,01
37,093,08
37,095,03
37,097,05
37,097,10
37,099,11
37,101,02
37,103,01
37,103,03
37,105,02
37,107,01
37,107,03
37,109,10
37,111,11
37,113,11
37,115,11
37,117,01
37,119,08
37,119,09
37,119,12
37,121,10
37,123,08
37,125,06
37,127,01
37,127,02
37,127,03
37,129,07
37,131,01
37,133,03
37,135,04
37,137,03
37,139,01
37,141,07
37,143,01
37,145,13
37,147,01
37,147,03
37,149,11
37,151,06
37,153,08
37,155,07
37,157,05
37,157,13
37,159,06
37,159,12
37,161,10
37,161,11
37,163,02
37,163,07
37,165,07
37,165,08
37,167,08
37,169,05
37,171,05
37,173,11
37,175,11
37,177,03
37,179,08
37,179,09
37,181,01
37,181,02
37,183,02
37,183,04
37,183,13
37,185,01
37,187,01
37,189,05
37,191,01
37,191,03
37,193,05
37,195,01
37,195,03
37,197,05
37,199,11
38,001,00
38,003,00
38,005,00
38,007,00
38,009,00
38,011,00
38,013,00
38,015,00
38,017,00
38,019,00
38,021,00
38,023,00
38,025,00
38,027,00
38,029,00
38,031,00
38,033,00
38,035,00
38,037,00
38,039,00
38,041,00
38,043,00
38,045,00
38,047,00
38,049,00
38,051,00
38,053,00
38,055,00
38,057,00
38,059,00
38,061,00
38,063,00
38,065,00
38,067,00
38,069,00
38,071,00
38,073,00
38,075,00
38,077,00
38,079,00
38,081,00
38,083,00
38,085,00
38,087,00
38,089,00
38,091,00
38,093,00
38,095,00
38,097,00
38,099,00
38,101,00
38,103,00
38,105,00
39,001,02
39,003,04
39,005,05
39,005,16
39,007,14
39,009,06
39,009,18
39,011,04
39,013,06
39,013,18
39,015,02
39,017,01
39,017,08
39,019,18
39,021,04
39,023,07
39,025,02
39,027,03
39,029,06
39,031,18
39,033,05
39,035,10
39,035,11
39,035,13
39,035,14
39,037,08
39,039,05
39,041,12
39,043,09
39,045,07
39,047,07
39,049,07
39,049,12
39,049,15
39,051,05
39,053,06
39,055,14
39,057,07
39,059,18
39,061,01
39,061,02
39,063,04
39,065,04
39,067,18
39,069,05
39,071,03
39,073,18
39,075,18
39,077,05
39,079,18
39,081,06
39,083,12
39,083,18
39,085,14
39,087,06
39,089,12
39,089,18
39,091,04
39,093,09
39,093,13
39,095,05
39,095,09
39,097,15
39,099,06
39,099,17
39,101,04
39,103,13
39,103,16
39,105,06
39,107,05
39,107,08
39,109,08
39,111,06
39,113,03
39,113,08
39,115,18
39,117,04
39,119,18
39,121,06
39,123,09
39,125,05
39,127,07
39,129,07
39,131,02
39,133,14
39,133,17
39,135,08
39,137,05
39,139,04
39,141,07
39,141,18
39,143,05
39,145,02
39,145,06
39,147,05
39,149,04
39,151,16
39,153,13
39,153,14
39,153,17
39,155,14
39,155,17
39,157,18
39,159,15
39,161,05
39,163,18
39,165,02
39,165,03
39,167,06
39,169,16
39,171,05
39,173,05
39,175,04
39,175,05
40,001,02
40,003,03
40,005,02
40,007,03
40,009,03
40,011,03
40,013,02
40,015,03
40,017,03
40,017,04
40,019,04
40,021,02
40,023,02
40,025,03
40,027,04
40,029,02
40,031,04
40,033,04
40,035,02
40,037,01
40,037,03
40,039,03
40,041,02
40,043,03
40,045,03
40,047,03
40,049,04
40,051,04
40,053,03
40,055,03
40,057,03
40,059,03
40,061,02
40,063,02
40,065,03
40,067,04
40,069,02
40,071,03
40,073,03
40,075,03
40,077,02
40,079,02
40,081,03
40,083,03
40,085,04
40,087,04
40,089,02
40,091,02
40,093,03
40,095,04
40,097,02
40,099,04
40,101,02
40,103,03
40,105,02
40,107,02
40,109,04
40,109,05
40,111,02
40,113,03
40,115,02
40,117,03
40,119,03
40,121,02
40,123,04
40,125,05
40,127,02
40,129,03
40,131,01
40,131,02
40,133,05
40,135,02
40,137,04
40,139,03
40,141,04
40,143,01
40,145,01
40,147,01
40,149,03
40,151,03
40,153,03
41,001,02
41,003,04
41,003,05
41,005,03
41,005,05
41,007,01
41,009,01
41,011,04
41,013,02
41,015,04
41,017,02
41,019,04
41,021,02
41,023,02
41,025,02
41,027,02
41,029,02
41,031,02
41,033,02
41,033,04
41,035,02
41,037,02
41,039,04
41,041,05
41,043,04
41,045,02
41,047,05
41,049,02
41,051,01
41,051,03
41,051,05
41,053,05
41,055,02
41,057,05
41,059,02
41,061,02
41,063,02
41,065,02
41,067,01
41,069,02
41,071,01
42,001,19
42,003,04
42,003,12
42,003,14
42,003,18
42,005,03
42,005,12
42,007,04
42,007,18
42,009,09
42,011,06
42,011,15
42,011,16
42,011,17
42,013,09
42,015,10
42,017,08
42,019,03
42,019,04
42,021,09
42,021,12
42,023,05
42,025,11
42,027,05
42,027,10
42,029,06
42,029,07
42,029,16
42,031,05
42,033,05
42,033,09
42,035,05
42,037,11
42,039,03
42,039,05
42,041,09
42,041,19
42,043,17
42,045,01
42,045,07
42,047,05
42,049,03
42,051,09
42,051,12
42,053,05
42,055,09
42,055,19
42,057,09
42,059,12
42,061,09
42,063,09
42,063,12
42,065,05
42,067,05
42,067,09
42,069,10
42,069,11
42,071,16
42,073,04
42,075,17
42,077,06
42,077,08
42,077,15
42,079,10
42,079,11
42,081,05
42,081,10
42,081,11
42,083,05
42,085,03
42,085,04
42,087,05
42,087,09
42,089,11
42,091,02
42,091,06
42,091,07
42,091,08
42,091,13
42,091,15
42,093,10
42,095,15
42,097,10
42,099,09
42,099,17
42,101,01
42,101,02
42,101,08
42,101,13
42,103,10
42,105,05
42,107,17
42,109,10
42,111,09
42,111,12
42,113,10
42,115,10
42,117,05
42,117,10
42,119,10
42,121,03
42,121,05
42,123,03
42,123,05
42,125,12
42,125,18
42,127,10
42,129,04
42,129,09
42,129,12
42,129,18
42,131,10
42,133,19
44,001,01
44,003,02
44,005,01
44,007,01
44,007,02
44,009,02
45,001,03
45,003,02
45,003,03
45,005,02
45,007,03
45,009,06
45,011,02
45,013,02
45,015,01
45,015,06
45,017,02
45,017,06
45,019,01
45,019,06
45,021,05
45,023,05
45,025,05
45,027,06
45,029,06
45,031,05
45,033,05
45,035,01
45,035,06
45,037,03
45,039,05
45,041,05
45,041,06
45,043,01
45,043,06
45,045,04
45,047,03
45,049,02
45,051,01
45,053,02
45,055,05
45,057,05
45,059,03
45,059,04
45,061,05
45,061,06
45,063,02
45,065,03
45,067,06
45,069,05
45,071,05
45,073,03
45,075,02
45,075,06
45,077,03
45,079,02
45,079,06
45,081,03
45,083,04
45,085,05
45,085,06
45,087,04
45,089,06
45,091,05
46,003,00
46,005,00
46,007,00
46,009,00
46,011,00
46,013,00
46,015,00
46,017,00
46,019,00
46,021,00
46,023,00
46,025,00
46,027,00
46,029,00
46,031,00
46,033,00
46,035,00
46,037,00
46,039,00
46,041,00
46,043,00
46,045,00
46,047,00
46,049,00
46,051,00
46,053,00
46,055,00
46,057,00
46,059,00
46,061,00
46,063,00
46,065,00
46,067,00
46,069,00
46,071,00
46,073,00
46,075,00
46,077,00
46,079,00
46,081,00
46,083,00
46,085,00
46,087,00
46,089,00
46,091,00
46,093,00
46,095,00
46,097,00
46,099,00
46,101,00
46,103,00
46,105,00
46,107,00
46,109,00
46,111,00
46,113,00
46,115,00
46,117,00
46,119,00
46,121,00
46,123,00
46,125,00
46,127,00
46,129,00
46,135,00
46,137,00
47,001,03
47,003,06
47,005,08
47,007,04
47,009,02
47,011,03
47,013,04
47,015,06
47,017,08
47,019,01
47,021,05
47,021,07
47,023,07
47,025,03
47,027,06
47,029,01
47,031,04
47,033,08
47,035,04
47,037,05
47,037,07
47,039,07
47,041,06
47,043,07
47,043,08
47,045,08
47,047,07
47,049,04
47,051,04
47,053,08
47,055,04
47,057,03
47,059,01
47,061,04
47,063,01
47,065,03
47,067,01
47,069,07
47,071,07
47,073,01
47,075,08
47,077,07
47,079,08
47,081,04
47,081,07
47,083,08
47,085,08
47,087,06
47,089,01
47,089,03
47,091,01
47,093,02
47,095,08
47,097,08
47,099,04
47,101,04
47,103,04
47,105,02
47,107,02
47,109,07
47,111,06
47,113,08
47,115,04
47,117,06
47,119,04
47,121,03
47,123,02
47,125,07
47,125,08
47,127,04
47,129,04
47,131,08
47,133,06
47,135,07
47,137,04
47,139,03
47,141,06
47,143,03
47,145,03
47,145,04
47,147,06
47,149,06
47,151,04
47,153,04
47,155,01
47,155,02
47,157,07
47,157,08
47,157,09
47,159,06
47,161,08
47,163,01
47,165,06
47,167,08
47,169,06
47,171,01
47,173,03
47,175,04
47,177,04
47,179,01
47,181,07
47,183,08
47,185,04
47,187,04
47,187,07
47,189,05
47,189,06
48,001,05
48,003,11
48,005,01
48,007,14
48,009,13
48,009,19
48,011,13
48,013,28
48,015,10
48,017,19
48,019,23
48,021,10
48,021,15
48,023,13
48,025,15
48,027,31
48,029,20
48,029,21
48,029,23
48,029,28
48,031,21
48,033,19
48,035,17
48,037,04
48,039,14
48,039,22
48,041,17
48,043,23
48,045,13
48,047,15
48,049,11
48,051,10
48,051,17
48,053,11
48,055,25
48,057,14
48,059,19
48,061,15
48,061,27
48,063,04
48,065,13
48,067,01
48,067,04
48,069,19
48,071,14
48,073,05
48,075,13
48,077,13
48,079,19
48,081,11
48,083,11
48,085,03
48,085,04
48,087,13
48,089,15
48,091,21
48,091,28
48,093,11
48,095,11
48,097,13
48,097,26
48,099,31
48,101,13
48,103,11
48,105,23
48,107,13
48,109,23
48,111,13
48,113,03
48,113,05
48,113,24
48,113,26
48,113,30
48,113,32
48,115,11
48,117,19
48,119,04
48,121,24
48,121,26
48,123,15
48,125,13
48,127,23
48,129,13
48,131,25
48,133,19
48,135,11
48,137,23
48,139,06
48,141,16
48,141,23
48,143,31
48,145,31
48,147,04
48,149,15
48,151,19
48,153,19
48,155,13
48,157,09
48,157,14
48,157,22
48,159,04
48,161,06
48,163,28
48,165,19
48,167,14
48,167,22
48,169,19
48,171,11
48,173,11
48,175,15
48,177,25
48,179,13
48,181,04
48,183,01
48,185,17
48,187,28
48,189,19
48,191,13
48,193,31
48,195,13
48,197,13
48,199,08
48,201,02
48,201,07
48,201,09
48,201,10
48,201,18
48,201,22
48,201,29
48,203,01
48,205,13
48,207,13
48,209,21
48,209,28
48,211,13
48,213,05
48,215,15
48,215,25
48,217,17
48,219,19
48,221,17
48,223,04
48,225,06
48,227,19
48,229,23
48,231,04
48,233,13
48,235,11
48,237,13
48,239,14
48,241,08
48,243,23
48,245,02
48,247,25
48,249,15
48,251,17
48,253,13
48,255,25
48,257,05
48,259,23
48,261,27
48,263,19
48,265,23
48,267,11
48,269,13
48,271,23
48,273,27
48,275,13
48,277,04
48,279,19
48,281,11
48,283,28
48,285,15
48,287,10
48,289,06
48,291,02
48,291,08
48,293,06
48,293,17
48,295,13
48,297,25
48,299,11
48,301,11
48,303,19
48,305,19
48,307,11
48,309,17
48,311,28
48,313,17
48,315,01
48,317,11
48,319,11
48,321,14
48,323,23
48,325,23
48,327,11
48,329,11
48,331,31
48,333,11
48,335,11
48,337,13
48,339,08
48,341,13
48,343,04
48,345,13
48,347,01
48,349,06
48,351,08
48,353,11
48,353,19
48,355,27
48,357,13
48,359,13
48,361,08
48,363,13
48,365,01
48,367,12
48,369,19
48,371,23
48,373,08
48,375,13
48,377,23
48,379,04
48,381,13
48,383,11
48,385,23
48,387,04
48,389,23
48,391,15
48,393,13
48,395,17
48,395,31
48,397,04
48,399,11
48,401,01
48,403,01
48,405,01
48,407,08
48,409,15
48,409,27
48,411,11
48,413,11
48,415,11
48,417,19
48,419,01
48,421,13
48,423,01
48,425,17
48,427,25
48,429,19
48,431,11
48,433,13
48,435,11
48,435,23
48,437,13
48,439,06
48,439,12
48,439,24
48,439,26
48,441,19
48,443,23
48,445,19
48,447,13
48,449,04
48,451,11
48,453,10
48,453,21
48,453,25
48,455,06
48,455,08
48,457,08
48,459,01
48,461,11
48,463,23
48,465,23
48,467,05
48,469,14
48,471,08
48,473,10
48,475,11
48,477,10
48,479,23
48,479,28
48,481,14
48,483,13
48,485,13
48,487,13
48,489,27
48,491,31
48,493,28
48,495,11
48,497,12
48,499,05
48,501,19
48,503,19
48,505,28
48,507,23
49,001,03
49,003,01
49,005,01
49,007,02
49,009,02
49,011,01
49,013,02
49,015,02
49,017,02
49,019,02
49,021,02
49,023,01
49,023,03
49,025,02
49,027,03
49,029,01
49,031,02
49,033,01
49,035,01
49,035,02
49,035,03
49,037,02
49,039,03
49,041,03
49,043,01
49,045,01
49,047,02
49,049,02
49,049,03
49,051,02
49,053,02
49,055,02
49,057,01
50,001,00
50,003,00
50,005,00
50,007,00
50,009,00
50,011,00
50,013,00
50,015,00
50,017,00
50,019,00
50,021,00
50,023,00
50,025,00
50,027,00
51,001,02
51,003,05
51,005,06
51,005,09
51,007,04
51,009,06
51,011,05
51,013,08
51,015,06
51,017,06
51,019,05
51,019,06
51,021,09
51,023,06
51,025,04
51,025,05
51,027,09
51,029,05
51,031,05
51,033,01
51,033,07
51,035,09
51,036,03
51,037,05
51,041,04
51,041,07
51,043,10
51,045,09
51,047,07
51,049,05
51,051,09
51,053,04
51,057,01
51,059,08
51,059,10
51,059,11
51,061,01
51,061,10
51,063,09
51,065,05
51,067,05
51,069,10
51,071,09
51,073,01
51,075,07
51,077,09
51,079,05
51,081,04
51,083,05
51,085,07
51,087,03
51,087,07
51,089,05
51,089,09
51,091,06
51,093,03
51,093,04
51,095,01
51,095,03
51,097,01
51,099,01
51,101,01
51,103,01
51,105,09
51,107,10
51,109,07
51,111,05
51,113,07
51,115,01
51,117,05
51,119,01
51,121,09
51,125,05
51,127,03
51,131,02
51,133,01
51,135,04
51,137,07
51,139,07
51,141,09
51,143,05
51,145,04
51,147,05
51,149,03
51,149,04
51,153,01
51,153,10
51,153,11
51,155,09
51,157,07
51,159,01
51,161,06
51,161,09
51,163,06
51,165,06
51,167,09
51,169,09
51,171,06
51,173,09
51,175,04
51,177,01
51,177,07
51,179,01
51,181,03
51,183,04
51,185,09
51,187,10
51,191,09
51,193,01
51,195,09
51,197,09
51,199,01
51,510,08
51,515,05
51,520,09
51,530,06
51,540,05
51,550,04
51,570,04
51,580,06
51,580,09
51,590,05
51,595,04
51,600,11
51,610,08
51,620,04
51,630,01
51,640,09
51,650,01
51,650,02
51,650,03
51,660,06
51,670,04
51,678,06
51,680,06
51,683,10
51,685,10
51,690,05
51,700,01
51,700,03
51,710,02
51,710,03
51,720,09
51,730,04
51,735,01
51,740,03
51,750,09
51,760,03
51,760,07
51,770,06
51,775,06
51,790,06
51,800,04
51,810,02
51,820,06
51,830,01
51,840,10
53,001,04
53,001,05
53,003,05
53,005,04
53,007,04
53,009,06
53,011,03
53,013,05
53,015,03
53,017,04
53,019,05
53,021,04
53,023,05
53,025,04
53,027,06
53,029,02
53,031,06
53,033,01
53,033,02
53,033,07
53,033,08
53,033,09
53,035,01
53,035,06
53,037,04
53,039,04
53,041,03
53,043,05
53,045,06
53,047,05
53,049,03
53,051,05
53,053,06
53,053,08
53,053,09
53,055,02
53,057,02
53,059,03
53,059,04
53,061,01
53,061,02
53,063,05
53,065,05
53,067,03
53,067,09
53,069,03
53,071,05
53,073,02
53,075,05
53,077,04
54,001,01
54,003,02
54,005,03
54,007,02
54,009,01
54,011,03
54,013,02
54,015,02
54,017,01
54,019,03
54,021,01
54,023,01
54,025,03
54,027,02
54,029,01
54,031,02
54,033,01
54,035,02
54,037,02
54,039,02
54,041,02
54,043,03
54,045,03
54,047,03
54,049,01
54,051,01
54,053,02
54,055,03
54,057,01
54,059,03
54,061,01
54,063,03
54,065,02
54,067,03
54,069,01
54,071,02
54,073,01
54,075,03
54,077,01
54,079,02
54,081,03
54,083,02
54,085,01
54,087,02
54,089,03
54,091,01
54,093,01
54,095,01
54,097,02
54,099,03
54,101,03
54,103,01
54,105,02
54,107,01
54,109,03
55,001,06
55,003,07
55,005,07
55,007,07
55,009,08
55,011,03
55,013,07
55,015,06
55,015,08
55,017,07
55,019,03
55,019,07
55,021,02
55,023,03
55,025,02
55,027,06
55,029,08
55,031,07
55,033,03
55,035,03
55,037,08
55,039,06
55,041,08
55,043,03
55,045,02
55,047,06
55,049,03
55,051,07
55,053,03
55,055,02
55,055,05
55,055,06
55,057,03
55,059,01
55,061,08
55,063,03
55,065,03
55,067,07
55,067,08
55,069,07
55,071,06
55,073,07
55,075,08
55,077,06
55,078,08
55,079,01
55,079,04
55,079,05
55,081,03
55,083,08
55,085,07
55,085,08
55,087,06
55,087,08
55,089,05
55,091,03
55,093,03
55,095,07
55,097,07
55,099,07
55,101,01
55,103,03
55,105,01
55,105,02
55,107,07
55,109,03
55,111,02
55,111,03
55,113,07
55,115,08
55,117,06
55,119,07
55,121,03
55,123,03
55,125,08
55,127,01
55,127,02
55,129,07
55,131,05
55,133,01
55,133,05
55,135,08
55,137,06
55,139,06
55,141,07
56,001,00
56,003,00
56,005,00
56,007,00
56,009,00
56,011,00
56,013,00
56,015,00
56,017,00
56,019,00
56,021,00
56,023,00
56,025,00
56,027,00
56,029,00
56,031,00
56,033,00
56,035,00
56,037,00
56,039,00
56,041,00
56,043,00
56,045,00
